-13.84484,-6.462844,113.7429
-13.44055,-6.340929,114.5502
-12.58956,-6.045961,115.8058
-11.93221,-5.72052,117.3289
-11.38113,-5.54019,118.699
-10.73808,-5.435029,120.4688
-10.22172,-5.477895,121.499
-9.911222,-5.591837,122.6684
-9.302147,-5.735688,123.9835
-9.010733,-5.802411,125.2065
-8.820871,-5.943653,126.3872
-8.470093,-6.00849,127.7939
-8.282417,-6.17678,129.1712
-8.025879,-6.376269,130.399
-7.854125,-6.619504,131.5656
-7.745658,-6.499125,133.5507
-7.721815,-6.521269,134.4418
-7.714042,-6.483568,135.7685
-7.658515,-6.412159,136.9413
-7.670799,-6.405056,138.0101
-7.656278,-6.332176,138.9515
-7.580653,-6.232065,139.9458
-7.488685,-6.201721,140.4559
-7.29369,-6.189315,141.0288
-7.035614,-6.212965,141.5507
-6.732539,-6.213025,142.1972
-6.449944,-6.160205,142.6091
-6.151491,-6.126252,143.0198
-5.815615,-6.062058,143.5038
-5.322816,-6.103946,143.6504
-4.872112,-6.151343,143.7982
-4.334109,-6.150604,143.8627
-3.821633,-6.130097,143.8999
-3.32804,-6.01274,143.9617
-2.925627,-5.995199,143.9561
-2.57053,-5.996386,143.8553
-2.260831,-5.996313,143.8097
-1.869647,-5.957713,143.8334
-1.665795,-5.935135,143.6865
-1.479052,-5.944076,143.6222
-1.423267,-5.968566,143.4756
-1.345238,-5.958535,143.4862
-1.352234,-5.961411,143.388
-1.413172,-5.998082,143.3489
-1.510769,-6.016765,143.2398
-1.702601,-6.042658,143.1352
-1.984542,-6.082623,142.9862
-2.35752,-6.084401,143.0205
-2.834871,-6.083582,142.9126
-3.247245,-6.096986,142.8427
-3.646016,-6.076276,142.8368
-4.034881,-6.101119,142.8678
-4.391998,-6.124522,142.8891
-4.737794,-6.165482,142.9542
-5.078873,-6.193817,143.0161
-5.372517,-6.212907,143.0777
-5.63251,-6.247156,143.1386
-5.860363,-6.278394,143.1889
-6.070755,-6.295226,143.2074
-6.240347,-6.313275,143.2138
-6.372241,-6.323493,143.2477
-6.475481,-6.343164,143.2715
-6.563566,-6.353191,143.2831
-6.664397,-6.357143,143.3074
-6.749861,-6.367561,143.3096
-6.822166,-6.370654,143.3123
-6.868562,-6.370428,143.2909
-6.910783,-6.369256,143.2908
-6.952411,-6.364767,143.3222
-6.986052,-6.364856,143.3036
-7.005606,-6.366831,143.2876
-7.016502,-6.390723,143.2612
-7.026113,-6.371529,143.2534
-7.028671,-6.371463,143.2445
-7.034485,-6.375302,143.2287
-7.037566,-6.381004,143.2234
-7.043887,-6.384388,143.2361
-7.036569,-6.40138,143.2013
-7.031197,-6.407778,143.2316
-7.017996,-6.427599,143.217
-6.997372,-6.445318,143.205
-6.981782,-6.452906,143.2018
-6.971306,-6.465088,143.1985
-6.951068,-6.475005,143.1923
-6.918749,-6.493646,143.1676
-6.902966,-6.500314,143.1563
-6.885261,-6.507554,143.1532
-6.870198,-6.518995,143.147
-6.844197,-6.528609,143.1261
-6.820714,-6.53556,143.1149
-6.790937,-6.541662,143.109
-6.762404,-6.55096,143.0928
-6.738463,-6.544658,143.0867
-6.695873,-6.55167,143.0717
-6.658526,-6.558734,143.0675
-6.594452,-6.569445,143.0243
-6.55652,-6.568063,143.0614
-6.528926,-6.572705,143.0565
-6.49286,-6.579238,143.0588
-6.455033,-6.590222,143.0459
-6.410593,-6.593535,143.0208
-6.369597,-6.593726,143.0417
-6.32706,-6.596219,143.0394
-6.279136,-6.607839,143.006
-6.239691,-6.602933,143.0258
-6.187224,-6.616479,142.9928
-6.14643,-6.615271,143.0122
-6.084177,-6.625627,143.0031
-6.008769,-6.632284,143.0108
-5.938773,-6.638125,142.9971
-5.846797,-6.65002,142.9937
-5.748744,-6.669708,142.9726
-5.630013,-6.700387,142.9407
-5.480679,-6.708532,142.9185
-5.314062,-6.730382,142.8545
-5.116168,-6.77383,142.7819
-4.942777,-6.786206,142.7708
-4.7134,-6.804513,142.6897
-4.494908,-6.83414,142.6195
-4.241154,-6.874009,142.5451
-3.966969,-6.900312,142.4632
-3.675544,-6.908638,142.3701
-3.313456,-6.960418,142.2706
-2.954373,-7.003137,142.1783
-2.575118,-7.072752,142.057
-2.1987,-7.115773,141.9586
-1.829065,-7.144536,141.811
-1.474529,-7.171241,141.705
-1.116217,-7.204439,141.5809
-0.7832713,-7.195796,141.4448
-0.471622,-7.196546,141.3261
-0.1505315,-7.237487,141.0673
0.1111186,-7.235265,140.9469
0.3045661,-7.234826,140.723
0.5227321,-7.228405,140.5704
0.6746046,-7.214717,140.3254
0.7792892,-7.206649,140.2104
0.8282646,-7.197968,139.9558
0.8268188,-7.174582,139.867
0.8553565,-7.174115,139.5947
0.6986145,-7.231805,139.0829
0.6112179,-7.215161,138.9429
0.3678995,-7.19838,138.6918
-0.02749086,-7.216553,138.2564
-0.3933476,-7.243832,137.858
-0.903358,-7.321106,137.3727
-1.387733,-7.304938,137.147
-2.171143,-7.258317,136.579
-2.937752,-7.121325,136.0482
-3.633871,-6.992557,135.593
-4.372571,-6.913187,135.1432
-5.109739,-6.858179,134.7336
-5.788229,-6.787729,134.3578
-6.602587,-6.709857,133.9877
-7.375105,-6.704496,133.5266
-8.019608,-6.652783,133.2364
-8.741953,-6.61663,132.8977
-9.353433,-6.508533,132.6853
-9.979744,-6.570381,132.1893
-10.41075,-6.532963,131.8878
-10.79722,-6.512988,131.5676
-11.17517,-6.493441,131.2401
-11.42551,-6.495104,130.8614
-11.62649,-6.487735,130.5614
-11.74618,-6.504563,130.198
-11.78867,-6.510693,129.9859
-11.80984,-6.511952,129.8112
-11.77361,-6.523847,129.5276
-11.6136,-6.56729,129.075
-11.43529,-6.572146,128.7927
-11.14409,-6.595707,128.4401
-10.76563,-6.603623,128.0567
-10.27381,-6.633962,127.6303
-9.591754,-6.702778,127.0885
-8.688449,-6.701156,126.7117
-7.956922,-6.887866,126.2675
-7.113412,-7.029014,125.4887
-6.225213,-7.171838,125.0587
-5.134702,-7.230456,124.6743
-3.97466,-7.33308,124.1588
-2.835167,-7.30275,123.7841
-1.552071,-7.20013,123.2876
-0.532189,-7.095254,122.8825
0.8984548,-6.90079,122.496
1.832956,-6.787215,122.1966
2.72531,-6.679329,121.9315
3.690446,-6.618833,121.6291
4.40742,-6.512789,121.3783
5.038973,-6.461666,121.1596
5.730394,-6.397653,120.9385
6.281756,-6.362078,120.7174
6.851444,-6.344699,120.5144
7.283772,-6.30718,120.3397
7.68008,-6.312371,119.9928
7.961579,-6.253851,119.9623
8.260181,-6.272215,119.7489
8.423884,-6.264271,119.604
8.630939,-6.282946,119.5168
8.748158,-6.287241,119.4538
8.772701,-6.278321,119.4411
8.822982,-6.270508,119.4609
8.83322,-6.27654,119.457
8.908869,-6.286967,119.4846
8.872524,-6.288004,119.4901
8.842709,-6.288091,119.5107
8.793861,-6.28741,119.5684
8.71001,-6.290232,119.6613
8.580811,-6.289974,119.7919
8.301328,-6.284744,120.0378
7.860494,-6.307951,120.3468
7.331964,-6.306406,120.6648
6.750605,-6.275528,121.0351
6.097301,-6.338156,121.4058
5.237026,-6.406461,121.7959
4.205045,-6.419291,122.4162
3.374388,-6.476146,122.8196
2.051247,-6.591669,123.0885
0.8612535,-6.733558,123.4193
-0.5366092,-6.854809,124.2227
-1.814535,-7.061691,124.6733
-3.510772,-7.435351,124.9334
-5.129921,-7.684158,125.8678
-6.857832,-7.905846,126.5371
-8.601623,-8.093415,127.1389
-10.40329,-8.129593,128.0177
-12.12752,-8.155411,128.8059
-13.57678,-8.064064,129.4903
-14.98472,-7.94798,130.3027
-15.97731,-7.765738,130.9175
-17.05629,-7.551963,131.5957
-17.87105,-7.421205,131.9453
-19.49665,-7.136518,133.0261
-20.13069,-7.095398,133.3522
-20.85706,-7.117575,133.7888
-21.64665,-7.090224,134.2806
-22.2264,-7.066002,134.6886
-22.59724,-7.062331,134.9342
-22.99855,-7.060143,135.233
-23.34568,-7.019526,135.4768
-23.77486,-6.938947,135.9799
-24.00877,-6.92343,136.142
-24.30507,-6.89392,136.4309
-24.50219,-6.885931,136.6468
-24.59898,-6.874061,136.7607
-24.69017,-6.848902,136.95
-24.74968,-6.833722,137.0712
-24.7728,-6.838295,137.1281
-24.76917,-6.844728,137.1894
-24.79425,-6.84513,137.23
-24.80622,-6.859003,137.2612
-24.83369,-6.860631,137.3275
-24.84945,-6.866235,137.3887
-24.87309,-6.861709,137.4353
-24.90204,-6.869759,137.4781
-24.91807,-6.881614,137.4908
-24.96385,-6.884655,137.5437
-25.01434,-6.889378,137.5923
-25.06125,-6.889534,137.6259
-25.09738,-6.902671,137.6145
-25.15163,-6.913737,137.64
-25.22028,-6.930814,137.6522
-25.31659,-6.943435,137.7305
-25.40031,-6.955047,137.762
-25.49207,-6.970854,137.757
-25.59855,-6.975914,137.8333
-25.68518,-6.993032,137.8665
-25.73243,-6.991564,137.8671
-25.77847,-7.005187,137.8518
-25.82155,-7.005581,137.8806
-25.83314,-7.019494,137.8922
-25.83906,-7.030453,137.8881
-25.85215,-7.042289,137.9216
-25.83302,-7.04946,137.917
-25.82858,-7.058111,137.9104
-25.79827,-7.061053,137.908
-25.77716,-7.070025,137.8882
-25.73236,-7.089007,137.8492
-25.65008,-7.091338,137.8329
-25.55619,-7.08594,137.7966
-25.39317,-7.087935,137.6777
-25.26993,-7.080835,137.6242
-25.08215,-7.043862,137.571
-24.85201,-7.007878,137.4741
-24.52437,-6.969059,137.308
-24.16471,-6.935163,137.1439
-23.81159,-6.916322,136.9915
-23.22025,-6.848986,136.8627
-22.7655,-6.884327,136.6432
-22.1787,-6.900568,136.2585
-21.44444,-6.987079,135.8136
-20.90461,-7.00263,135.6431
-20.13847,-7.098554,135.3122
-19.04325,-6.97344,135.2401
-18.07061,-7.056748,134.863
-16.97645,-7.244025,134.374
-15.7685,-7.398915,133.7582
-14.88478,-7.53627,133.4619
-13.52813,-7.690022,132.8719
-12.33709,-7.754632,132.3436
-10.65281,-7.647523,132.0423
-9.330847,-7.632277,131.5655
-8.157102,-7.477165,131.1723
-7.142604,-7.327188,131.0509
-4.86387,-7.048526,130.4933
-4.136188,-6.928794,130.3058
-3.235067,-6.806404,130.0463
-2.515412,-6.712831,129.9464
-1.940622,-6.614957,129.9007
-1.40409,-6.551436,129.8278
-0.8977359,-6.499846,129.781
-0.5493842,-6.468554,129.7608
-0.1896423,-6.480086,129.674
0.3052316,-6.433129,129.7074
0.4784864,-6.421766,129.7079
0.5955964,-6.413733,129.7036
0.6702197,-6.411864,129.7155
0.7263678,-6.411989,129.7616
0.7341958,-6.407549,129.8525
0.6924922,-6.398354,129.9145
0.6363782,-6.394209,129.9792
0.5435917,-6.379816,130.095
0.3870426,-6.3885,130.1879
0.14832,-6.396342,130.3288
-0.1311064,-6.441761,130.42
-1.052301,-6.59002,130.5999
-1.652449,-6.71547,130.5942
-2.35894,-6.751043,130.7354
-3.140753,-6.796074,130.9455
-3.909967,-6.83324,130.9106
-5.38074,-6.744277,131.2107
-6.136318,-6.681226,131.4007
-6.892787,-6.711022,131.5692
-7.586862,-6.747808,131.698
-8.892164,-6.786452,131.9115
-9.474008,-6.77679,132.0338
-10.50901,-6.73836,132.2446
-11.00228,-6.729006,132.2933
-11.37965,-6.746995,132.2551
-11.65906,-6.765876,132.3152
-12.09796,-6.772396,132.3682
-12.23633,-6.778477,132.3801
-12.3429,-6.787019,132.3708
-12.50383,-6.788308,132.3779
-12.54562,-6.774924,132.3527
-12.57727,-6.762775,132.301
-12.60166,-6.75013,132.1627
-12.57766,-6.733802,132.1272
-12.55553,-6.712978,132.0906
-12.48951,-6.708741,131.993
-12.25521,-6.65078,131.8547
-12.08329,-6.643387,131.7804
-12.00506,-6.626465,131.7786
-11.90433,-6.633884,131.7251
-11.8139,-6.627249,131.72
-11.71958,-6.628257,131.6979
-11.61259,-6.635186,131.6494
-11.52093,-6.632598,131.6478
-11.11931,-6.636632,131.5995
-11.02342,-6.628056,131.5895
-10.94652,-6.619523,131.5837
-10.85305,-6.622809,131.566
-10.74734,-6.616362,131.5615
-10.63738,-6.623126,131.5417
-10.54999,-6.617448,131.546
-10.47883,-6.622604,131.5417
-10.40081,-6.628451,131.5378
-10.33535,-6.628085,131.5367
-10.27096,-6.630492,131.5288
-10.20847,-6.617606,131.5759
-10.13719,-6.629002,131.5647
-9.732358,-6.650699,131.5582
-9.703952,-6.655965,131.5607
-9.629179,-6.664046,131.5679
-9.601634,-6.66698,131.5697
-9.531424,-6.681217,131.5622
-9.511726,-6.662406,131.6148
-9.494187,-6.663424,131.611
-9.480645,-6.668176,131.6165
-9.471494,-6.671084,131.615
-9.457926,-6.673747,131.6132
-9.450708,-6.673549,131.6069
-9.439932,-6.6702,131.6086
-9.427615,-6.671634,131.6115
-9.413895,-6.679855,131.6093
-9.400858,-6.683991,131.6115
-9.279323,-6.696124,131.6305
-9.257723,-6.701052,131.6335
-9.247911,-6.697736,131.6761
-9.24378,-6.699496,131.6785
-9.23662,-6.709665,131.6552
-9.232919,-6.714052,131.6674
-9.224743,-6.715739,131.672
-9.217621,-6.71992,131.6615
-9.20838,-6.729394,131.6383
-9.199914,-6.676138,131.6778
-9.184933,-6.652848,131.6662
-9.172354,-6.619486,131.6517
-9.158012,-6.574369,131.6412
-9.150928,-6.52674,131.618
-9.13972,-6.479275,131.6001
-9.136735,-6.421992,131.5602
-9.134863,-6.354,131.5146
-9.132141,-6.278808,131.4768
-9.131082,-6.217093,131.4548
-9.116203,-6.142197,131.4658
-9.114885,-6.071394,131.4477
-9.142379,-5.905155,131.3967
-9.15089,-5.844611,131.3894
-9.153727,-5.787821,131.3821
-9.140226,-5.735573,131.3603
-9.137094,-5.706866,131.3433
-9.132329,-5.690942,131.3368
-9.127993,-5.680079,131.287
-9.124939,-5.689536,131.2635
-9.115129,-5.749616,131.2273
-9.118942,-5.820364,131.2205
-9.130194,-6.026577,131.2049
-9.143107,-6.11599,131.1821
-9.148677,-6.203064,131.1542
-9.183965,-6.295583,131.1228
-9.216619,-6.385863,131.1279
-9.247675,-6.498666,131.1552
-9.276578,-6.61756,131.1701
-9.306179,-6.765253,131.2822
-9.321491,-6.756795,131.3189
-9.330957,-6.729993,131.3615
-9.342516,-6.709245,131.3914
-9.352084,-6.6956,131.4008
-9.35631,-6.688115,131.3819
-9.392259,-6.648111,131.2863
-9.458361,-6.624382,131.1486
-9.545547,-6.611886,131.072
-9.891173,-6.623387,130.6996
-10.15858,-6.634096,130.4768
-10.45662,-6.641225,130.2804
-10.78495,-6.685683,129.9747
-11.10071,-6.727478,129.6541
-11.465,-6.787313,129.2384
-12.3042,-6.844581,128.3793
-12.8137,-6.91236,127.8304
-13.36473,-6.96402,127.2905
-14.09447,-7.024344,126.5723
-15.03416,-7.020047,124.9634
-15.81908,-6.929555,124.0814
-17.24648,-6.8889,122.4599
-18.01183,-6.796862,121.5836
-18.94669,-6.774006,120.4883
-19.65289,-6.723151,119.4907
-20.79215,-6.803763,117.1654
-21.81614,-6.249643,116.0215
-22.37581,-6.423529,114.7988
-22.87854,-6.569401,113.3014
-23.70825,-6.619877,109.0028
-23.78967,-6.670054,106.6193
-24.29445,-6.783587,101.5999
-24.93229,-7.377332,99.17311
-24.99643,-7.276135,97.25589
-26.0689,-7.571241,93.40297
-26.31355,-8.078773,91.00941
-27.66572,-7.70245,87.53206
-30.63073,-8.470359,82.40145
-31.86509,-10.87811,80.2198
-32.4996,-9.984408,77.0949
-35.20449,-24.56986,73.23385
-36.27685,-25.90966,70.33022
-37.37733,-26.00272,68.16234
-34.99426,-27.37262,64.2587
-35.81726,-26.74205,64.38125
-38.26757,-27.61811,58.25786
